var hq_str_AG1512="
白银1512, 名称
145957,时,分,秒
3489,Openprice
3495,topprice
3393,bottomprice
3480,
3445,buyprice
3446,selprice
3446,最新价？
3446,结算价？
3472,昨天结算价
46,当前买量
3,当前卖量
611362,持仓量
1020996,成交量
沪,
白银,
2015-06-30,
1,
3540.000,
3393.000,
3630.000,
3393.000,
3732.000,
3393.000,
3867.000,
3393.000,
56.926";

var hq_str_AG1512="
白银1512,
211731,
3436,
3440,
3412,
3446,
3428,昨天结算
3429,3429,3424,3446,329,161,623076,100796,沪,白银,2015-06-30,1,3540.000,3393.000,3630.000,3393.000,3732.000,3393.000,3867.000,3393.000,56.926";

			名字，时间,开盘,最高,最低,昨算,买价,卖价,新价,今算,昨算,买,卖，持仓,成交
var hq_str_AG1512="白银1512,212038,3436,3440,3412,3446,3426,3427,3426,3424,3446,391,213,623212,108098,沪,白银,2015-06-30,1,3540.000,3393.000,3630.000,3393.000,3732.000,3393.000,3867.000,3393.000,56.926";
var hq_str_AG1512="白银1512,212151,3436,3440,3412,3446,3425,3426,3426,3424,3446,267,110,623322,111924,沪,白银,2015-06-30,1,3540.000,3393.000,3630.000,3393.000,3732.000,3393.000,3867.000,3393.000,56.926";
var hq_str_AG1512="白银1512,212212,3436,3440,3412,3446,3424,3425,3425,3424,3446,160,205,623320,112736,沪,白银,2015-06-30,1,3540.000,3393.000,3630.000,3393.000,3732.000,3393.000,3867.000,3393.000,56.926";
var hq_str_AG1512="白银1512,212304,3436,3440,3412,3446,3424,3425,3425,3424,3446,93,111,623266,114264,沪,白银,2015-06-30,1,3540.000,3393.000,3630.000,3393.000,3732.000,3393.000,3867.000,3393.000,56.926";
var hq_str_AG1512="白银1512,212703,3436,3440,3412,3446,3423,3424,3423,3424,3446,84,153,623782,122720,沪,白银,2015-06-30,1,3540.000,3393.000,3630.000,3393.000,3732.000,3393.000,3867.000,3393.000,56.926";
var hq_str_AG1512="白银1512,212745,3436,3440,3412,3446,3424,3425,3425,3424,3446,75,182,623946,124040,沪,白银,2015-06-30,1,3540.000,3393.000,3630.000,3393.000,3732.000,3393.000,3867.000,3393.000,56.926";
var hq_str_AG1512="白银1512,212939,3436,3440,3412,3446,3424,3425,3425,3424,3446,144,165,624078,127190,沪,白银,2015-06-30,1,3540.000,3393.000,3630.000,3393.000,3732.000,3393.000,3867.000,3393.000,56.926";
var hq_str_AG1512="白银1512,212959,3436,3440,3412,3446,3424,3425,3425,3424,3446,144,21,624048,128110,沪,白银,2015-06-30,1,3540.000,3393.000,3630.000,3393.000,3732.000,3393.000,3867.000,3393.000,56.926";
var hq_str_AG1512="白银1512,213031,3436,3440,3412,3446,3424,3425,3424,3424,3446,105,108,624178,128478,沪,白银,2015-06-30,1,3540.000,3393.000,3630.000,3393.000,3732.000,3393.000,3867.000,3393.000,56.926";
var hq_str_AG1512="白银1512,213123,3436,3440,3412,3446,3422,3423,3422,3424,3446,308,122,624686,129884,沪,白银,2015-06-30,1,3540.000,3393.000,3630.000,3393.000,3732.000,3393.000,3867.000,3393.000,56.926";
var hq_str_AG1512="白银1512,213522,3436,3440,3412,3446,3422,3423,3423,3424,3446,167,194,625246,141342,沪,白银,2015-06-30,1,3540.000,3393.000,3630.000,3393.000,3732.000,3393.000,3867.000,3393.000,56.926";
var hq_str_AG1512="白银1512,213634,3436,3440,3412,3446,3423,3424,3424,3424,3446,222,38,625362,144092,沪,白银,2015-06-30,1,3540.000,3393.000,3630.000,3393.000,3732.000,3393.000,3867.000,3393.000,56.926";
